>SPI1_known4_selex.ENERGY	-8.14
1	0.02	0.08	0.00	0.04
2	0.00	0.08	0.01	0.04
3	0.00	0.09	0.02	0.04
4	0.00	0.10	0.03	0.05
5	0.00	0.10	0.02	0.04
6	0.09	0.11	0.00	0.07
7	0.03	0.02	0.00	0.03
8	0.09	0.11	0.00	0.09
9	2.66	0.10	0.00	0.07
10	0.00	0.06	4.77	4.60
11	0.00	4.93	0.04	0.09
12	3.12	0.12	0.00	0.08
13	0.11	0.12	0.01	0.00
14	0.02	0.06	0.00	0.03
>SPI1_known4_selex.PWM
1	0.2525	0.2430	0.2552	0.2493
2	0.2551	0.2423	0.2540	0.2486
3	0.2563	0.2414	0.2531	0.2491
4	0.2571	0.2411	0.2528	0.2491
5	0.2567	0.2407	0.2529	0.2497
6	0.2462	0.2426	0.2613	0.2499
7	0.2480	0.2503	0.2535	0.2482
8	0.2475	0.2429	0.2619	0.2477
9	0.0349	0.3120	0.3335	0.3196
10	0.5017	0.4839	0.0066	0.0079
11	0.3410	0.0038	0.3327	0.3225
12	0.0228	0.3135	0.3400	0.3237
13	0.2426	0.2396	0.2578	0.2600
14	0.2512	0.2443	0.2544	0.2501
